4	4	4	4	4	4	4	4	4	4	4	4	4	4	4	4	4	4	4	4	2	4	4	4	4	4	4	4	4	4	4	4	4	4	2	2	2	2	2	2	2	2	2	2	2	2	2	2	2	2	2	2	2	2	2	2	2	2	2	2	2	2	2	2	2	2	2	2	2	2	2	2	2	2	2	2	2	2	2	2	2	2	2	2	2	2	2	2	2	2	2	2	0
4	4	4	4	4	4	4	4	4	4	4	4	4	4	4	4	4	4	4	4	2	4	4	4	4	4	4	4	4	4	5	4	4	4	2	2	2	2	2	2	2	2	2	2	2	2	2	2	2	2	2	2	2	2	2	2	2	2	2	2	2	2	2	2	2	2	2	2	2	2	2	2	2	2	2	2	2	2	2	2	2	2	2	2	2	2	2	2	2	2	2	0
4	4	4	4	4	4	4	4	4	5	5	4	4	4	4	4	4	5	2	4	2	4	4	4	4	4	4	4	4	4	6	4	4	4	2	2	2	2	2	2	2	2	2	2	2	2	2	2	2	2	2	2	2	2	2	2	2	2	2	2	2	2	2	2	2	2	2	2	2	2	2	2	2	2	2	2	2	2	2	2	2	2	2	2	2	2	2	2	2	2	2	0
4	4	4	4	4	4	4	4	4	5	5	4	4	4	4	4	4	5	2	4	2	4	4	4	4	4	4	4	4	4	7	4	4	4	3	2	2	2	2	2	2	2	2	2	2	2	2	2	2	2	2	2	2	2	2	2	2	2	2	2	2	2	2	2	2	2	2	2	2	2	2	2	2	2	2	2	2	2	2	2	2	2	2	2	2	2	2	2	2	2	2	0
4	5	4	5	4	4	4	4	4	6	5	5	4	4	4	4	6	5	2	4	2	4	4	4	4	4	4	4	5	5	8	6	4	4	3	2	2	2	2	2	2	2	2	2	2	2	2	2	2	2	2	2	2	2	2	2	2	2	2	2	2	2	2	2	2	2	2	2	2	2	2	2	2	2	2	2	2	2	2	2	2	2	2	2	2	2	2	2	2	2	2	0
4	6	4	5	4	4	4	4	6	6	5	5	5	5	4	6	5	2	4	2	7	4	4	5	4	5	5	8	6	4	3	4	2	2	2	2	2	2	2	2	2	2	2	2	2	2	2	2	2	2	2	2	2	2	2	2	2	2	2	2	2	2	2	2	2	2	2	2	2	2	2	2	2	2	2	2	2	2	2	2	2	2	2	2	2	2	2	0
4	6	4	5	5	5	4	5	6	6	11	6	6	6	4	7	6	2	4	2	7	4	4	5	6	5	5	8	6	4	3	4	2	2	2	2	2	2	3	2	2	2	2	2	2	2	2	2	2	2	2	2	2	2	2	2	2	2	2	2	2	2	3	2	2	2	2	2	2	2	2	2	2	2	2	2	2	2	2	2	2	2	2	2	2	2	2	0
4	5	4	6	5	4	5	6	6	8	11	6	6	6	4	7	6	2	5	2	8	7	4	6	6	6	5	8	6	4	4	2	2	2	2	2	2	3	3	2	2	2	2	2	3	2	2	2	2	2	2	2	2	2	2	2	2	2	2	2	3	3	2	2	2	2	2	2	2	2	2	2	2	2	2	2	2	2	3	2	2	2	2	2	2	2	0
4	5	5	7	6	4	6	6	6	8	7	10	6	4	8	8	3	6	2	8	7	4	6	7	6	7	8	7	4	5	2	2	2	2	2	2	3	3	2	2	2	2	2	3	2	2	2	3	2	2	2	2	2	2	2	2	2	2	2	3	3	2	3	2	2	3	2	2	2	2	2	2	2	2	2	2	2	3	2	2	2	2	2	2	2	0
8	6	5	7	7	4	6	9	8	7	13	7	4	9	10	3	7	2	9	7	4	6	7	6	9	10	4	5	3	2	2	2	2	3	3	3	2	3	2	2	2	3	2	2	2	3	2	2	2	2	2	2	2	2	2	2	2	3	3	2	3	2	2	3	2	2	2	2	2	2	2	2	2	2	2	3	2	2	2	2	2	2	2	0
8	5	9	9	7	2	6	9	9	8	16	7	4	9	10	2	9	2	10	7	5	6	7	6	9	10	4	6	3	2	2	2	2	3	3	3	3	3	2	2	2	3	2	2	2	3	2	2	2	2	2	2	2	2	2	2	2	3	3	2	3	2	2	3	2	2	2	2	2	2	2	2	2	2	2	3	2	2	2	2	2	2	2	0
8	6	9	12	7	2	6	14	10	9	18	8	4	9	11	2	10	2	10	7	5	6	8	6	9	15	5	6	3	2	2	2	2	3	3	3	3	3	2	2	2	3	2	2	2	3	2	2	2	2	2	2	2	2	2	2	2	3	3	2	3	2	2	3	2	2	2	2	2	2	2	3	2	2	2	3	2	2	2	2	2	2	2	0
8	6	8	13	9	3	5	17	9	10	23	10	10	13	2	10	2	12	9	5	7	8	6	15	6	6	4	2	2	2	2	3	3	3	3	3	2	2	2	3	2	2	2	3	2	2	2	2	2	2	2	2	2	3	2	3	3	2	3	2	2	3	2	2	2	2	2	2	2	3	2	2	2	3	2	2	2	2	2	2	2	0
8	6	9	14	10	3	5	17	10	12	26	11	10	13	2	10	2	14	10	5	7	8	6	15	9	8	6	2	2	2	2	3	3	3	3	3	2	2	2	3	2	2	2	3	2	2	2	2	2	2	2	2	2	3	2	3	3	2	3	2	3	3	3	2	2	2	2	3	2	3	2	2	2	3	2	2	2	3	2	2	2	0
9	7	11	16	14	3	5	29	10	14	28	12	10	14	3	11	2	16	11	5	7	8	6	16	11	8	8	2	2	2	2	3	3	3	3	3	2	2	2	3	2	2	2	3	2	2	2	2	2	2	2	2	3	3	2	3	3	2	3	2	3	4	3	2	2	2	3	3	2	3	2	2	2	3	2	2	2	3	2	2	2	0
10	7	22	14	6	9	33	13	17	31	14	11	15	3	11	2	17	12	7	7	8	6	18	11	9	9	2	2	2	2	3	4	3	3	3	2	2	2	3	2	2	2	3	2	2	2	2	2	2	2	2	3	3	2	3	3	2	3	2	3	4	3	2	2	2	3	3	2	3	2	2	2	4	2	2	2	3	2	2	2	0
10	7	27	18	8	9	39	14	18	35	18	12	16	2	11	4	18	16	7	7	9	6	20	13	10	10	2	2	2	3	3	4	3	4	4	2	2	2	3	2	2	2	3	2	2	2	2	2	2	2	2	3	3	2	3	3	2	3	2	3	4	3	2	3	2	3	3	2	4	2	2	2	4	2	2	2	3	2	2	2	0
11	7	28	23	8	14	40	14	22	35	22	15	17	2	11	4	21	21	7	9	9	6	21	13	10	12	3	2	3	3	4	3	4	4	2	2	2	3	2	2	2	3	2	2	2	2	2	2	2	2	3	3	2	3	3	2	3	2	3	4	3	2	3	2	3	3	2	4	2	2	2	4	2	2	3	3	2	2	2	0
10	9	34	24	8	14	44	16	29	39	32	20	20	3	13	4	21	25	7	10	9	8	22	13	11	13	3	2	3	3	4	3	4	5	2	2	2	3	2	3	2	3	2	2	2	2	2	2	2	2	3	3	3	3	3	2	3	2	3	4	3	2	3	2	3	3	2	5	2	3	2	4	2	2	3	3	2	2	2	0
10	9	40	26	8	16	49	24	36	43	35	22	20	3	13	5	24	31	7	10	10	8	23	16	12	15	3	2	3	3	4	3	5	5	2	2	2	3	2	3	2	3	2	2	2	2	2	2	2	2	3	3	3	3	3	2	3	2	3	4	3	2	3	2	3	3	2	5	2	3	2	4	3	2	3	3	2	2	2	0
11	14	45	31	13	17	56	42	40	42	36	23	20	2	14	5	25	32	7	11	10	9	24	18	13	17	3	2	3	3	4	3	5	5	2	2	2	3	2	3	2	3	2	2	2	2	2	2	2	2	3	3	3	3	3	2	3	2	3	5	3	2	3	2	3	3	2	5	3	3	2	4	3	2	3	3	2	3	2	0
14	27	47	35	13	20	57	47	45	41	40	27	23	2	15	5	31	34	7	11	11	10	26	19	13	20	3	2	3	3	4	3	5	5	2	2	2	3	2	3	2	3	2	2	2	2	2	2	2	2	3	3	3	3	3	2	3	2	3	5	3	2	3	2	3	3	2	5	3	3	2	4	3	2	3	3	2	3	2	0
14	30	53	40	13	60	47	48	39	45	29	23	3	19	6	34	37	9	14	11	10	26	20	13	21	3	3	3	3	4	3	5	5	2	2	2	3	2	4	2	3	2	2	2	2	3	2	2	2	3	3	3	3	3	2	3	2	3	5	3	2	3	2	3	3	2	5	3	3	2	4	3	2	3	4	2	3	2	0
17	29	54	43	13	68	50	51	42	52	30	26	3	21	6	39	37	10	15	11	11	21	13	22	3	3	4	3	5	3	5	6	2	2	2	3	2	4	2	3	2	2	2	2	3	2	2	2	4	3	3	3	3	2	3	2	3	5	3	2	3	2	3	3	2	5	3	3	2	4	3	2	3	4	2	3	2	0
20	30	54	46	13	69	53	54	41	59	33	27	2	21	8	45	34	11	16	10	11	21	12	23	3	3	4	3	5	3	5	6	2	2	2	3	2	4	2	3	2	2	2	2	3	2	2	2	4	3	4	3	3	2	3	2	3	5	3	2	3	2	3	3	2	6	3	3	2	5	3	2	3	4	2	4	2	0
16	21	39	47	13	52	31	38	29	45	36	19	2	25	8	49	37	11	20	10	12	21	15	23	3	3	4	3	5	3	5	6	2	2	2	3	2	4	3	3	2	2	2	2	3	2	2	2	4	3	4	3	3	2	3	2	3	5	3	2	3	2	3	3	2	6	3	3	2	5	4	2	3	4	2	4	2	0
16	24	38	52	16	44	25	21	42	41	18	2	27	8	56	43	12	21	11	13	22	15	24	3	3	4	3	5	3	5	7	2	2	2	3	2	4	3	4	2	2	2	2	3	2	2	2	4	3	4	3	3	2	4	2	4	5	3	2	3	2	4	3	2	6	3	4	2	5	4	2	4	4	2	4	2	0
18	25	36	50	16	40	24	21	46	47	19	2	28	9	59	48	14	21	11	13	23	15	3	3	4	3	5	3	5	7	2	2	2	3	2	4	3	4	2	2	2	2	3	2	2	2	5	3	5	3	3	3	4	2	4	6	3	2	3	2	4	3	2	6	3	4	2	5	4	2	4	4	2	4	2	0
20	29	36	52	40	25	21	51	50	20	2	31	12	65	50	17	27	11	14	23	15	3	3	4	3	5	3	5	8	2	2	2	3	2	4	3	4	2	2	2	2	3	2	2	2	5	3	5	3	4	3	4	2	4	6	3	2	3	2	4	3	2	6	3	4	2	5	4	2	4	4	2	4	2	0
26	32	39	52	41	26	25	51	49	20	3	32	12	66	51	18	30	12	15	24	17	3	3	4	4	5	3	5	8	2	2	2	3	2	4	3	4	2	2	2	2	3	2	2	2	5	3	5	4	4	3	4	2	4	7	3	2	3	2	4	3	2	7	3	4	2	6	4	2	4	4	2	5	3	0
30	32	42	56	43	26	29	55	50	21	3	32	12	68	56	19	33	14	16	25	19	4	3	4	4	5	3	5	8	2	2	2	3	2	4	3	4	2	2	2	2	3	2	2	2	5	3	5	4	4	3	4	2	4	7	4	2	4	2	4	3	2	7	3	4	2	7	4	2	4	4	2	5	3	0
30	37	47	57	46	28	34	58	53	22	3	36	15	68	59	22	37	17	16	25	19	4	3	4	4	5	3	6	8	2	2	2	4	2	4	3	5	2	2	2	2	3	2	3	2	6	3	5	4	4	3	4	2	4	7	4	3	4	2	4	3	2	8	3	4	2	7	4	2	4	4	2	5	3	0
30	36	46	56	47	28	38	59	51	24	3	41	17	69	60	24	39	18	16	26	21	4	3	4	4	5	3	6	8	2	2	2	4	2	4	3	5	2	2	2	2	3	2	3	2	6	3	5	4	4	3	4	2	5	7	4	3	4	2	4	3	2	9	3	4	2	7	4	2	5	4	2	5	3	0
36	34	45	57	50	31	39	62	55	25	3	42	18	70	61	25	44	21	16	27	23	4	3	4	4	5	3	6	9	2	2	2	4	2	4	3	5	2	2	2	2	3	2	3	2	6	3	5	4	4	3	4	2	5	7	4	3	4	2	4	4	2	9	4	4	2	8	4	2	5	4	2	5	3	0
41	36	48	60	50	32	40	60	58	27	3	43	20	73	66	26	47	21	16	27	25	4	3	4	4	5	3	6	9	2	2	2	4	2	4	3	5	2	2	2	2	3	2	4	2	6	3	5	4	4	4	4	2	5	7	4	3	4	2	4	4	2	9	4	4	2	8	4	2	5	5	2	6	4	0
45	35	48	62	33	45	61	61	28	4	44	22	78	69	26	52	16	28	26	4	3	4	4	6	4	6	9	3	3	2	4	2	4	3	6	2	2	2	2	3	2	4	2	6	4	5	4	4	4	5	2	6	8	4	3	4	2	4	4	2	10	5	4	2	8	5	2	5	5	2	6	4	0
49	36	49	61	36	46	62	66	28	4	46	23	83	71	26	52	17	28	28	4	3	4	4	6	4	6	9	3	3	2	4	2	4	3	6	2	2	2	2	3	2	4	2	6	4	5	5	4	4	6	2	6	8	4	3	4	2	4	4	2	10	5	4	3	8	5	2	5	5	2	6	4	0
54	39	50	61	35	43	66	65	28	4	47	24	84	74	27	56	28	4	3	4	4	6	4	6	9	4	3	3	4	2	5	3	6	2	2	2	2	3	3	4	2	7	4	5	5	4	5	6	2	6	8	4	4	5	2	4	5	2	10	5	4	3	9	5	2	5	5	2	6	4	0
60	41	52	58	34	45	63	28	4	47	25	85	77	28	56	28	4	3	4	5	6	4	6	9	4	3	3	6	2	5	4	6	2	2	2	2	3	3	4	2	8	4	5	5	4	5	6	2	6	8	4	5	5	2	4	6	2	12	5	4	3	10	5	2	6	5	2	6	4	0
61	42	54	59	35	44	62	27	4	47	27	89	80	29	58	29	4	3	4	5	6	4	6	9	4	3	3	6	2	5	4	6	2	2	2	2	3	3	4	2	8	4	5	5	5	5	6	2	7	8	4	5	5	2	4	6	2	12	6	4	3	10	5	2	6	5	3	7	4	0
66	44	59	61	34	44	59	29	4	49	28	91	82	30	58	4	3	4	5	6	5	6	9	4	3	3	6	2	5	4	6	2	2	2	2	3	3	4	2	9	4	5	5	5	5	6	2	7	8	5	5	6	3	4	6	2	13	6	4	3	10	6	2	6	5	3	7	5	0
66	42	58	63	32	43	58	30	4	49	28	93	84	34	58	4	4	4	6	8	5	6	10	4	3	4	6	2	5	4	6	2	2	2	2	3	3	4	3	10	4	6	5	5	5	6	2	8	9	5	5	6	3	4	6	2	13	6	4	3	10	6	2	6	5	3	9	5	0
66	43	57	61	50	44	64	5	51	30	97	89	35	5	4	4	6	8	5	6	10	4	3	4	6	2	5	4	6	2	2	2	2	3	3	4	3	10	4	7	5	5	5	6	2	8	9	5	5	7	3	4	6	2	13	7	4	3	10	6	2	8	5	3	9	5	0
65	42	59	62	51	41	61	5	54	33	98	91	35	5	4	4	6	8	5	7	10	5	4	4	6	2	5	4	7	2	2	2	2	3	3	4	3	10	4	7	5	5	6	6	2	8	9	5	6	7	4	4	6	2	13	7	4	4	10	6	2	8	5	3	10	6	0
65	43	60	60	49	36	63	4	55	33	101	93	37	5	4	4	7	8	5	7	10	6	4	4	6	2	5	4	7	3	2	3	3	3	3	4	3	10	4	7	5	5	7	6	2	8	9	5	6	7	4	4	6	2	13	7	5	4	11	7	2	8	6	4	10	6	0
67	41	62	62	46	36	63	4	56	33	101	95	39	5	4	4	7	8	5	7	10	6	4	4	6	2	5	4	7	3	3	3	3	3	3	4	3	10	5	7	5	5	7	7	2	8	9	5	7	7	4	4	7	3	14	7	6	4	11	7	2	8	7	4	10	6	0
66	40	64	62	45	35	67	4	58	33	104	98	39	5	4	4	7	8	5	7	11	6	4	4	6	2	5	5	7	3	3	3	3	3	3	5	3	10	5	7	6	5	8	7	2	8	9	5	7	7	4	4	7	3	14	7	6	4	11	7	2	8	7	4	10	7	0
68	40	62	64	44	40	89	5	60	34	106	99	44	5	4	5	7	8	5	8	11	7	4	5	7	2	5	5	7	3	3	3	3	3	3	5	3	11	5	7	6	5	8	7	2	8	9	5	7	8	4	5	7	3	14	8	7	4	11	7	2	8	7	5	10	8	0
70	42	61	65	46	50	91	5	56	34	103	97	44	5	4	5	7	8	5	8	11	7	4	5	7	2	6	6	7	3	3	3	3	4	3	5	3	10	5	7	6	5	8	7	2	8	9	5	7	8	4	5	7	3	14	7	7	4	11	7	2	8	7	5	10	8	0
50	34	43	55	29	35	59	4	60	35	104	98	45	5	5	5	7	8	5	8	11	8	4	6	7	2	6	6	8	3	3	3	3	4	4	5	3	10	5	7	6	5	8	7	2	9	9	5	7	8	5	6	7	3	15	8	7	5	11	7	2	8	7	5	10	8	0
46	33	36	51	21	34	50	5	61	35	105	102	48	5	5	5	7	8	5	8	11	9	4	6	8	3	6	7	8	3	4	3	3	4	5	5	3	10	5	7	6	5	8	7	2	9	9	5	7	9	5	6	8	3	15	8	8	5	11	8	2	8	7	5	10	9	0
45	32	31	52	19	35	43	5	63	36	105	102	49	5	5	5	7	8	5	8	11	9	5	7	8	3	6	7	8	3	4	3	4	4	5	5	3	10	5	7	6	5	9	7	2	9	9	5	8	9	5	7	8	3	15	8	8	5	11	8	2	8	7	5	10	10	0
48	30	34	56	19	35	46	4	64	37	107	104	50	6	6	6	7	8	5	8	11	9	5	7	8	3	6	7	8	3	5	3	4	4	5	5	3	10	6	7	6	5	9	9	2	9	9	5	8	9	5	7	8	3	15	8	8	5	12	9	2	8	7	5	10	10	0
50	30	37	58	19	38	53	7	66	39	107	106	51	6	6	6	7	8	5	9	11	9	6	8	8	3	6	8	9	3	5	4	4	4	5	6	3	10	6	7	6	5	10	9	2	9	9	5	8	10	5	7	8	4	16	9	8	5	12	9	2	8	7	6	11	10	0
51	30	37	58	18	54	7	67	40	111	109	52	6	6	6	7	8	5	9	12	9	7	8	8	3	6	9	9	3	5	4	4	5	5	7	3	10	6	7	7	5	10	10	2	11	9	5	8	10	6	7	8	4	16	10	8	5	12	9	2	8	7	6	11	11	0
53	29	36	59	18	58	6	70	41	113	113	52	7	6	6	7	8	6	9	12	9	7	8	8	3	6	9	9	3	5	4	5	5	6	7	4	10	8	7	8	5	10	10	2	12	9	5	8	10	6	7	8	4	16	10	8	6	12	9	3	8	8	6	11	11	0
53	29	44	57	18	64	7	71	41	118	115	52	7	6	6	7	9	7	9	12	10	7	8	8	3	6	9	11	4	5	4	6	5	6	7	4	10	8	7	8	5	10	10	2	12	9	5	8	11	6	8	8	4	16	10	9	6	12	9	3	8	8	7	11	11	0
55	28	61	77	17	66	8	71	41	120	117	53	7	6	7	7	9	7	9	12	10	8	8	8	3	6	9	11	4	5	6	6	6	6	7	4	10	8	7	8	5	10	10	2	12	9	5	8	11	6	8	8	4	16	10	9	6	12	10	3	8	8	8	11	11	0
55	29	64	75	19	70	7	74	43	121	118	55	7	6	7	7	9	7	9	12	10	8	8	9	3	6	10	11	4	5	7	6	6	6	8	4	10	8	7	8	5	10	10	2	12	9	5	9	11	6	8	8	4	16	10	9	6	12	10	3	8	8	8	11	11	0
55	28	65	77	20	70	8	75	44	123	122	56	9	6	7	7	9	7	9	13	11	8	8	9	3	6	10	11	4	6	7	7	8	6	8	4	10	8	7	8	5	10	10	3	12	9	5	9	12	6	8	8	4	16	10	10	6	12	10	4	8	9	9	11	11	0
57	28	65	78	20	68	9	75	45	126	123	58	9	6	7	7	9	7	9	13	11	8	8	9	3	7	10	11	4	6	7	7	8	7	8	4	10	9	7	8	5	10	10	4	12	9	5	9	12	6	8	8	4	16	10	10	6	12	10	5	8	9	9	11	11	0
58	28	67	78	20	66	9	78	47	129	123	58	9	7	7	8	9	7	9	13	12	8	8	9	4	7	10	11	4	6	8	7	8	7	8	4	10	9	7	9	5	10	10	4	12	9	5	9	12	6	8	8	4	16	10	10	6	12	10	5	8	9	10	11	12	0
62	23	66	78	17	65	8	80	48	130	124	61	9	8	8	9	9	7	9	13	12	8	8	9	4	7	10	11	5	6	8	7	8	7	8	4	10	9	7	9	5	10	10	4	12	11	6	9	12	7	8	8	4	16	10	10	7	12	11	5	9	9	10	11	12	0
63	23	68	76	17	63	7	81	49	133	125	61	9	8	8	9	9	7	9	13	12	8	8	9	4	9	10	11	5	6	8	7	8	7	8	4	10	9	8	9	5	11	10	4	12	11	6	9	12	7	8	9	4	16	10	10	7	12	11	6	9	10	10	11	13	0
65	22	68	76	19	66	7	83	49	134	126	63	9	8	8	9	9	7	9	13	12	8	8	10	4	9	10	11	5	6	9	8	8	8	9	5	10	9	8	9	5	11	10	4	12	11	6	9	12	7	8	9	4	16	10	10	8	12	11	6	10	10	10	11	13	0
66	20	66	76	21	62	7	84	50	137	130	64	9	8	8	9	10	7	9	13	12	8	9	10	4	10	10	12	5	6	9	8	9	8	9	5	11	9	9	9	5	11	10	4	12	11	6	9	12	7	8	9	4	16	10	10	8	12	11	7	10	10	11	11	13	0
66	20	68	76	22	61	8	89	51	137	132	67	9	8	8	9	11	7	9	13	12	9	9	10	4	10	10	12	6	6	9	8	9	8	9	5	11	11	10	10	5	11	10	4	12	11	6	9	12	7	8	9	5	16	10	10	8	12	11	7	10	10	11	11	13	0
67	20	70	76	24	63	7	90	51	139	134	68	9	8	8	9	11	8	9	13	13	9	10	10	5	10	10	12	7	6	9	8	9	8	9	6	11	11	10	10	5	11	10	4	12	11	6	10	13	7	8	9	5	17	11	10	8	12	11	7	10	11	12	12	13	0
70	20	70	76	24	64	9	90	51	140	135	70	9	8	8	10	11	8	9	13	13	9	10	10	5	10	10	13	8	6	9	8	9	9	9	6	11	11	10	10	5	11	10	4	12	11	7	10	13	7	9	9	6	17	11	10	8	12	12	7	10	11	12	12	13	0
71	20	61	69	22	64	9	92	53	142	137	70	10	8	8	11	11	8	9	13	13	9	10	10	5	10	10	13	9	6	9	8	9	9	9	6	11	11	10	10	5	12	10	4	13	11	7	10	13	8	9	10	6	17	12	10	8	12	13	7	10	11	12	12	13	0
73	18	58	66	23	64	7	93	54	146	138	72		10	8	8	11	11	8	9	13	13	9	10	10	5	10	10	13	9	6	9	8	9	9	6	11	11	10	11	5	12	10	4	13	11	7	10	13	8	9	10	6	17	12	10	8	12	13	7	10	11	12	12	13	0
72	19	63	65	22	62	6	95	54	148	141	72		10	8	9	11	11	8	9	13	13	9	10	10	5	10	11	13	9	6	9	8	9	9	6	11	11	10	11	5	12	10	5	13	11	7	10	13	8	9	10	6	17	12	10	10	12	13	7	10	11	12	12	13	0
70	18	78	67	21	61	6	77	138	132	66	9	6	8	9	9	6	6	11	11	7	8	8	4	9	9	12	7	5	8	6	8	8	7	4	10	9	8	10	3	10	10	4	11	9	5	8	10	6	7	8	4	15	11	8	8	11	13	8	10	9	10	11	12	0
53	13	63	56	13	46	5	83	138	134	67	8	7	7	9	9	6	7	11	11	7	8	8	4	8	9	11	6	4	7	6	8	7	7	4	9	9	8	9	3	10	9	3	11	9	6	8	10	6	7	8	4	15	12	8	8	11	13	8	10	9	10	10	12	0
47	9	54	53	9	42	5	85	139	137	67	8	7	7	9	9	6	7	11	11	7	8	8	4	8	9	11	6	4	7	6	8	7	8	4	9	9	8	9	3	10	9	3	11	9	6	8	11	6	7	9	4	15	12	8	8	11	13	10	10	9	10	10	12	0
48	9	57	54	8	41	5	87	141	138	67	8	7	8	9	9	6	7	11	11	7	8	8	4	8	10	11	7	4	7	7	8	7	9	4	10	9	8	9	3	10	10	3	11	9	7	8	11	6	7	9	4	15	12	8	8	11	13	10	11	9	10	10	12	0
52	9	58	53	8	41	5	90	142	140	67	8	7	8	9	9	7	7	11	11	8	8	8	4	8	10	11	7	4	7	7	8	8	9	4	10	9	8	9	3	10	10	3	11	9	9	8	11	6	7	10	4	15	12	8	8	11	13	10	11	9	10	10	12	0
53	9	59	53	8	44	5	93	142	140	69	8	7	8	9	10	7	7	11	11	8	8	8	4	8	10	11	7	4	7	7	8	8	9	4	10	9	8	9	3	10	10	3	11	9	9	8	11	6	7	11	4	15	12	8	8	11	13	10	11	9	10	10	12	0
60	9	59	55	9	43	5	94	143	142	69	9	7	8	9	9	7	8	11	11	9	8	8	4	8	10	11	7	4	7	7	8	8	9	4	11	9	8	9	3	10	10	3	11	9	10	8	11	6	7	11	5	15	12	8	8	11	13	10	11	9	11	10	12	0
61	10	61	59	9	46	7	94	144	141	69	9	8	9	9	9	6	8	11	11	9	8	7	4	8	10	11	7	4	8	7	8	8	9	4	11	9	8	8	2	10	10	4	11	9	10	8	11	7	7	11	5	15	12	8	8	10	13	10	11	9	11	10	13	0
64	10	61	61	9	47	8	94	146	144	70	9	8	9	9	9	6	9	11	11	9	8	7	5	8	10	11	8	4	8	7	8	8	9	4	11	9	8	8	2	10	9	4	11	8	10	8	11	7	7	11	5	16	12	8	8	10	13	10	11	9	11	10	13	0
65	10	66	60	8	49	7	96	148	145	71	9	8	9	8	10	7	9	10	12	9	8	7	5	8	10	10	8	4	9	7	8	8	9	4	11	9	8	8	2	10	9	4	11	8	10	9	11	8	8	11	5	16	12	9	8	10	13	10	11	9	12	10	13	0
68	10	71	64	9	50	96	150	145	72	9	8	9	8	10	7	8	10	12	9	8	7	5	8	10	10	8	5	9	7	8	8	9	4	12	9	9	9	3	10	9	4	12	8	10	9	11	8	8	12	5	16	12	9	8	11	13	10	11	9	12	10	13	0
68	11	73	65	9	50	97	153	147	72	9	8	9	8	10	7	8	10	12	9	8	7	5	9	11	10	8	5	9	7	8	8	10	4	12	10	9	10	3	10	9	4	12	8	10	9	11	8	8	12	5	15	12	10	8	11	13	10	11	9	12	10	13	0
64	11	68	62	10	52	99	153	146	72	9	8	9	8	10	7	8	10	13	9	8	7	5	9	12	10	8	6	9	7	8	8	10	4	12	10	9	10	3	10	9	4	12	8	10	9	11	8	8	13	5	15	12	10	8	11	13	10	11	9	12	10	13	0
66	11	67	62	10	51	102	152	145	74	9	8	9	8	10	7	8	10	13	9	9	7	5	9	12	10	8	6	9	8	8	8	10	4	12	9	9	10	3	11	9	4	12	8	9	9	11	8	8	12	6	15	12	10	8	11	13	10	11	8	12	10	15	0
66	11	66	64	10	51	107	150	148	75	9	8	9	8	10	7	8	10	13	9	9	7	5	9	12	10	8	6	10	8	8	8	10	5	11	9	9	10	3	12	9	4	11	7	9	9	11	8	7	12	6	15	12	10	8	11	13	10	11	8	12	10	15	0
66	11	63	63	11	51	109	150	148	77	9	8	9	8	9	7	8	10	13	9	9	7	5	9	12	10	9	6	10	8	8	8	10	5	11	9	9	10	3	12	11	4	11	7	9	9	11	8	8	12	6	15	12	10	8	10	13	10	11	9	12	11	15	0
67	11	62	63	12	51	111	151	148	78	9	8	9	8	9	7	8	9	13	9	9	7	5	9	13	10	9	6	10	8	8	8	10	5	11	10	10	10	3	12	11	5	11	7	9	9	11	8	8	12	6	14	12	10	8	10	14	11	11	9	12	11	15	0
67	11	65	64	14	52	114	149	145	81	8	8	8	8	9	7	8	10	14	9	9	7	6	9	13	10	9	7	10	9	8	8	10	5	11	10	10	11	4	12	11	5	11	7	9	9	11	9	8	12	6	14	12	10	9	10	15	11	10	9	12	11	15	0
64	10	67	68	15	52	114	150	144	83	8	8	8	8	9	7	9	10	14	9	9	7	6	9	13	10	9	7	10	10	8	8	11	5	11	10	9	11	4	12	11	5	12	7	9	9	11	9	8	12	6	13	12	9	10	10	15	11	10	9	12	11	15	0
73	10	66	66	25	53	116	148	142	83	8	8	8	8	10	7	8	9	14	9	11	7	6	8	13	10	9	7	10	10	8	9	11	6	11	10	9	11	4	12	11	5	12	7	10	9	11	9	8	12	6	13	12	10	10	10	14	11	10	9	12	12	15	0
82	9	66	68	25	53	120	149	144	86	8	8	8	8	10	7	8	9	14	9	11	7	7	8	13	10	9	7	10	10	8	9	11	6	11	10	10	11	4	12	11	5	13	8	11	10	11	9	8	13	7	13	11	10	10	10	14	11	10	9	12	12	15	0
81	9	65	70	25	55	121	147	144	86	8	8	8	9	10	7	9	9	14	9	12	7	7	9	13	11	9	7	10	10	8	9	11	6	11	10	10	11	4	12	11	6	13	7	11	10	11	10	9	13	8	13	11	10	10	10	15	11	10	9	12	11	15	0
82	9	68	70	27	53	123	145	146	85	8	7	8	9	10	7	10	9	14	9	12	9	7	8	13	11	9	7	10	10	8	9	11	6	11	10	10	11	4	12	11	6	13	7	11	10	11	10	9	13	8	13	11	10	11	10	15	12	10	8	12	11	15	0
83	7	65	68	27	54	123	143	145	84	8	7	7	9	9	8	10	9	14	9	12	9	7	8	13	11	9	7	10	10	8	9	11	7	11	11	11	11	4	12	12	7	13	7	12	10	11	10	9	14	9	13	11	10	11	11	15	12	11	8	12	11	15	0
81	7	64	68	27	55	107	128	135	80	8	7	7	9	9	8	10	9	14	9	12	9	7	7	13	11	9	7	10	9	8	9	11	7	10	11	10	11	4	12	12	7	12	7	12	8	11	10	9	14	9	11	11	10	11	11	14	12	11	7	12	10	15	0
56	5	44	56	15	43	105	125	134	82	8	7	7	9	9	8	10	9	14	9	12	9	7	8	12	11	9	7	10	9	8	9	11	7	10	11	10	11	4	12	12	7	12	7	12	8	11	10	9	14	9	11	11	10	11	10	13	12	11	7	12	10	15	0
44	5	37	55	13	39	106	123	130	81	8	7	7	10	9	8	10	9	14	9	12	9	7	8	12	10	9	7	10	9	8	9	11	8	10	11	10	12	4	12	11	7	12	7	13	8	11	11	8	14	9	11	11	10	11	11	13	12	10	7	12	10	16	0
46	4	38	56	11	42	106	121	128	80	8	7	7	10	9	8	11	8	14	9	12	9	7	8	12	10	9	7	10	9	8	9	12	8	9	11	11	12	4	11	12	7	11	6	13	8	11	11	8	14	9	11	11	9	11	11	13	12	10	7	12	10	16	0
49	3	40	57	12	44	107	121	129	80	8	8	7	10	9	8	11	9	14	9	13	10	7	8	12	10	10	7	10	9	8	10	12	8	9	11	11	12	3	11	12	7	11	6	13	8	11	11	8	14	9	11	11	9	11	11	13	12	10	7	12	10	16	0
51	3	42	55	11	46	109	120	129	79	8	8	7	10	10	8	11	8	14	9	13	10	7	8	12	11	10	7	10	9	8	10	12	9	9	11	11	11	3	11	12	7	11	6	13	8	11	11	8	14	9	10	11	9	11	10	13	12	10	7	12	9	16	0
50	3	43	58	47	111	120	129	79	7	9	7	9	10	8	11	8	14	9	13	10	7	9	12	11	10	8	10	9	8	10	12	10	9	11	11	11	3	11	12	7	11	5	13	8	10	11	8	14	9	10	11	9	11	9	14	12	11	7	12	9	15	0
54	3	44	60	43	111	120	128	78	7	9	7	9	10	8	12	8	14	10	13	9	7	9	12	10	10	8	10	10	9	10	11	11	8	11	11	11	3	11	12	8	12	5	12	8	10	11	8	14	9	10	11	9	11	9	14	12	11	7	12	9	16	0
55	2	44	62	43	110	121	125	76	7	10	7	9	10	8	11	8	14	10	13	9	7	9	12	10	10	8	10	10	9	10	11	11	8	12	11	11	3	11	12	9	11	5	12	8	11	11	8	14	9	9	11	9	11	9	14	12	10	7	12	9	16	0
59	2	45	63	48	110	123	126	79	7	10	7	9	11	8	11	7	14	11	13	9	7	9	12	10	10	9	11	10	9	10	11	11	8	12	12	11	3	11	12	9	11	5	12	8	11	11	8	14	9	9	10	9	11	9	14	12	10	7	12	9	16	0
59	2	50	63	47	113	121	125	78	7	10	7	9	11	8	11	7	14	11	13	9	7	9	12	10	10	9	12	10	9	10	11	11	8	12	12	11	3	11	12	9	11	5	12	8	11	11	8	13	9	9	10	9	11	10	14	13	11	7	12	8	15	0
60	2	54	64	48	118	118	123	80	7	10	7	10	10	8	11	8	13	11	13	9	8	9	12	9	10	9	12	11	9	10	11	11	8	11	12	11	3	10	11	9	11	5	12	8	11	11	8	13	9	8	9	9	11	9	14	13	11	7	12	8	15	0
62	2	61	64	48	119	119	121	80	7	10	7	10	11	8	11	8	13	10	13	9	8	9	12	9	10	9	12	11	9	10	11	11	8	11	12	10	3	10	11	9	11	5	12	8	11	11	8	13	9	8	9	9	10	9	13	13	11	7	12	8	15	0
60	2	63	83	48	121	120	119	80	8	10	7	10	11	8	11	8	13	10	12	9	8	8	13	9	10	9	12	11	9	11	11	11	7	11	12	10	3	11	10	9	11	5	13	8	11	11	8	12	10	8	9	9	10	8	13	13	11	7	12	8	15	0
56	2	63	83	45	123	118	119	82	8	10	7	9	11	8	11	8	12	10	12	9	8	9	14	9	10	9	12	12	9	10	11	11	7	11	12	10	3	10	10	9	11	5	14	9	11	11	8	11	10	7	10	9	10	8	14	13	11	7	12	8	15	0
55	2	57	89	44	125	120	117	82	8	10	8	9	11	8	11	8	13	10	13	7	8	9	13	9	10	9	12	12	10	10	11	11	6	11	12	10	3	10	10	10	10	5	14	8	11	11	8	11	10	7	9	9	11	7	14	13	10	7	11	9	15	0
51	2	58	89	44	128	120	117	82	9	10	8	9	12	7	12	8	13	10	13	8	8	9	13	9	10	9	12	13	10	10	11	11	6	11	12	10	2	11	10	10	10	5	13	8	10	10	8	11	10	6	9	9	11	7	13	14	10	7	11	9	14	0
50	2	59	91	43	130	120	118	79	9	9	8	10	11	7	12	7	13	10	12	8	9	9	13	10	10	9	12	13	11	10	11	10	5	11	11	10	2	11	10	10	10	5	13	8	10	10	8	11	10	6	9	9	11	7	13	14	10	7	11	7	14	0
51	2	58	93	41	131	121	116	82	8	9	9	9	12	7	12	7	14	10	12	8	9	9	13	10	10	9	12	13	11	10	11	10	5	11	11	11	2	11	10	10	10	4	13	8	11	10	8	11	10	6	8	9	11	7	13	14	9	7	11	7	14	0
52	2	59	91	41	133	119	115	83	8	9	9	9	11	7	12	7	13	9	12	8	9	9	13	9	10	9	12	13	11	10	11	10	6	11	10	11	2	11	10	10	10	4	14	8	10	9	8	11	10	6	8	10	10	7	13	14	8	7	11	8	13	0
47	2	59	90	40	132	122	115	82	8	9	10	8	11	7	12	7	13	11	12	8	9	9	13	9	10	9	11	14	11	10	11	10	6	11	10	11	2	9	10	10	10	4	14	7	10	9	9	12	10	6	8	9	11	6	13	14	8	6	10	7	15	0
46	2	78	92	134	122	117	82	8	9	10	9	12	7	12	7	13	11	12	8	9	9	13	9	10	9	11	13	11	10	12	11	6	11	10	11	2	9	10	10	10	4	14	7	10	9	9	11	10	6	8	9	11	6	13	14	8	6	10	7	15	0
49	2	79	93	138	125	117	83	8	10	10	9	12	7	13	7	13	11	12	8	9	9	13	9	11	9	11	13	11	10	11	11	6	10	10	11	2	8	10	10	10	5	14	6	10	9	9	12	9	6	8	8	11	6	13	14	8	6	10	7	14	0
51	2	79	91	140	123	123	81	8	10	9	9	12	7	12	7	12	12	12	7	9	9	12	10	11	9	11	13	11	10	11	11	5	10	10	11	2	8	10	10	10	5	14	6	9	9	8	13	9	6	7	7	11	6	13	14	8	5	10	7	14	0
54	2	76	88	123	111	117	79	8	10	9	10	11	7	12	7	12	12	10	6	9	8	10	10	11	9	11	13	10	10	12	10	5	10	10	11	2	7	10	10	10	5	13	6	9	9	8	13	9	6	6	7	10	6	13	12	8	5	9	6	13	0
37	2	47	58	120	113	118	78	9	9	10	10	11	7	12	6	11	12	11	6	9	8	10	9	11	9	11	13	10	9	12	10	5	10	10	11	2	7	10	10	9	6	13	6	9	8	7	13	9	6	5	7	9	6	14	12	8	5	8	6	13	0
32	2	38	49	123	114	116	76	9	9	10	10	11	7	12	6	10	12	11	6	8	9	9	10	11	8	11	13	10	8	12	10	5	10	10	12	3	7	10	10	9	6	13	6	8	8	8	13	9	6	5	7	9	6	13	13	8	5	8	6	13	0
30	2	35	45	124	113	115	77	9	9	10	10	11	7	13	6	10	11	10	5	8	9	9	10	11	8	12	12	10	8	12	10	5	11	10	12	3	7	10	10	9	6	13	6	8	8	8	13	9	6	5	6	9	6	13	13	8	5	8	6	12	0
31	2	35	126	113	114	76	9	8	9	10	11	8	13	6	11	11	10	5	8	10	9	10	11	9	12	12	10	8	12	10	5	10	10	12	3	6	10	10	9	6	13	5	8	8	7	12	9	5	5	6	9	6	12	13	8	5	8	6	11	0
30	2	44	126	113	113	76	8	8	10	10	11	9	13	6	11	11	9	5	8	10	8	10	11	10	11	12	10	8	12	10	5	10	10	12	3	6	8	10	9	6	13	6	7	9	7	12	8	5	5	6	9	5	12	13	8	5	7	6	11	0
30	2	44	128	112	113	76	8	8	10	11	11	9	13	6	12	11	9	6	8	10	8	9	11	9	11	12	10	8	10	10	5	10	10	12	3	5	7	10	8	6	13	6	7	10	8	12	8	6	5	6	9	5	12	13	8	5	7	5	11	0
32	2	44	129	113	114	78	7	8	10	11	11	9	12	7	12	9	9	6	8	10	7	9	11	9	11	11	9	8	10	9	5	10	10	11	3	6	7	11	8	6	13	6	7	9	8	12	8	6	4	6	9	5	12	12	8	5	7	5	11	0
32	2	43	132	113	113	79	8	8	10	11	11	8	12	6	12	9	9	6	9	10	7	8	10	9	11	11	9	8	10	9	5	8	10	10	3	6	7	11	7	6	13	6	7	9	8	12	8	6	3	6	9	5	12	12	8	6	7	5	11	0
34	2	44	134	114	113	79	9	8	9	11	10	7	12	6	12	8	9	6	10	11	7	9	10	9	10	10	9	8	10	9	5	8	10	10	3	6	7	11	7	7	14	6	7	9	7	12	8	5	3	6	9	5	11	13	8	6	6	5	11	0
33	2	45	135	115	115	78	9	8	9	11	10	7	12	6	11	8	9	6	10	11	7	8	10	9	9	10	8	8	10	10	5	8	10	10	3	6	7	11	7	7	14	5	6	9	8	12	8	5	3	6	9	5	11	13	8	5	5	5	11	0
34	2	47	137	117	112	76	9	8	9	11	10	7	12	5	10	8	10	6	10	11	6	8	11	8	9	9	6	8	9	10	5	8	10	10	3	6	7	11	7	7	14	5	5	9	8	13	9	5	3	5	9	5	12	12	8	5	5	5	11	0
35	2	48	139	118	111	76	8	8	9	11	10	7	12	5	10	8	10	6	10	10	6	8	11	8	9	9	7	8	9	10	5	7	10	10	3	6	7	9	8	7	14	5	5	9	8	13	9	5	3	6	9	5	12	11	8	4	5	5	12	0
35	140	117	111	77	8	8	9	10	10	7	12	5	10	8	10	6	9	10	6	8	11	8	9	9	7	7	9	11	6	7	10	9	3	6	7	9	8	7	14	6	5	9	8	13	10	6	3	6	9	6	12	11	9	4	4	5	11	0
35	141	115	114	75	8	8	8	11	10	7	12	5	9	8	11	6	10	10	6	8	10	9	9	9	7	7	9	11	6	7	11	9	3	6	7	9	8	7	14	6	5	8	8	13	10	6	3	6	9	6	12	11	9	4	4	5	11	0
34	142	115	115	77	8	8	8	10	10	7	12	5	10	8	11	6	10	9	7	9	10	9	8	9	7	7	9	11	6	7	11	9	3	6	7	9	8	7	13	6	5	8	8	12	12	6	3	6	9	6	11	10	8	4	4	5	12	0
33	143	117	115	74	8	7	8	10	10	8	12	5	10	9	12	6	10	8	8	9	10	9	7	8	7	6	9	11	7	7	10	9	3	7	8	9	8	5	13	6	5	8	8	12	12	6	3	6	8	6	11	11	7	3	4	5	12	0
33	144	119	114	75	8	7	8	10	10	8	12	5	10	9	12	6	10	8	8	9	10	9	7	8	7	6	8	10	7	7	9	9	3	7	8	9	8	5	13	6	5	8	8	12	12	6	4	6	7	6	11	11	7	3	4	5	11	0
33	146	118	113	75	9	7	8	11	10	9	12	5	10	8	13	6	10	8	8	9	9	9	7	8	6	6	8	10	7	6	9	10	4	7	8	9	8	5	13	6	5	8	8	13	11	6	4	6	7	6	11	10	7	3	4	5	11	0
32	149	118	115	74	9	7	8	11	9	9	13	6	10	8	11	6	10	7	8	9	9	9	7	8	6	6	8	9	7	6	9	9	4	7	8	9	9	5	13	6	5	9	8	13	11	6	4	6	7	6	11	10	7	3	4	4	11	0
32	152	119	118	74	9	7	8	11	9	8	13	6	10	8	11	6	9	7	8	8	9	9	7	8	6	5	8	9	6	5	8	9	4	8	8	9	9	5	13	5	4	9	8	13	11	6	3	6	7	6	11	10	7	3	3	4	11	0
32	153	120	117	75	8	8	9	10	11	8	13	6	9	8	11	6	9	7	8	8	9	9	7	8	6	5	8	9	6	5	8	9	4	7	8	9	10	6	13	5	4	9	7	13	11	6	3	6	7	6	10	10	7	3	4	4	11	0
31	156	120	118	74	8	8	9	9	12	8	13	6	9	8	12	7	9	7	9	8	8	9	7	8	6	6	8	9	6	5	8	9	4	7	8	9	10	6	13	5	5	8	8	12	12	6	3	6	8	6	9	10	7	4	4	4	12	0
30	157	119	118	73	8	8	9	9	12	8	14	6	9	8	12	7	9	7	9	8	8	9	8	8	6	6	8	10	6	5	8	9	4	7	8	8	9	6	13	5	5	8	8	12	12	6	3	6	8	7	9	10	7	4	4	4	13	0
27	122	112	113	71	7	8	9	9	12	8	14	6	9	8	12	7	8	6	8	8	9	9	8	8	6	6	8	10	6	5	8	8	4	7	7	8	9	5	12	5	5	8	8	12	12	5	3	6	6	7	8	9	7	4	4	4	12	0
20	121	113	113	70	7	8	8	9	12	9	13	6	9	8	12	7	7	6	9	8	9	9	8	8	6	6	8	10	6	5	8	8	4	7	7	8	9	5	11	5	5	8	8	12	12	5	3	6	6	7	8	9	7	4	5	4	12	0
16	120	114	109	69	7	7	8	9	12	9	13	6	9	8	12	7	7	6	9	8	9	10	8	8	6	7	8	10	6	5	8	8	5	7	7	8	9	5	11	5	5	8	9	11	12	5	3	6	6	7	8	9	7	4	5	4	12	0
14	119	115	109	74	7	7	7	9	12	9	13	6	9	8	12	7	7	6	8	9	9	10	8	8	6	7	8	10	5	5	9	8	5	7	7	9	9	5	11	6	5	8	9	11	12	5	3	5	6	7	8	8	7	4	6	4	12	0
14	117	117	109	74	8	7	7	9	12	9	13	6	9	8	12	7	7	6	9	9	8	10	8	7	6	6	7	10	5	5	9	8	5	7	6	9	9	5	10	6	4	8	9	10	12	5	4	5	7	7	8	8	6	5	6	5	12	0
14	117	115	112	74	8	8	7	9	11	8	15	6	10	8	14	7	7	7	9	9	9	10	8	8	6	6	8	11	5	6	9	8	5	7	6	9	10	5	9	6	4	8	9	10	12	6	4	5	7	7	8	8	6	5	6	5	12	0
16	117	119	112	76	8	8	7	9	11	8	15	6	10	7	14	7	7	7	9	9	10	10	8	8	6	6	8	11	5	6	9	9	5	7	6	9	10	5	8	6	5	9	9	10	12	6	3	6	7	7	8	8	6	6	6	5	12	0
16	117	118	111	76	8	8	7	9	12	8	14	6	10	7	14	7	7	7	9	9	10	10	7	9	6	6	8	11	5	6	9	9	6	7	7	8	10	5	8	6	5	8	9	10	11	6	3	7	7	8	8	8	6	6	6	5	12	0
20	116	119	111	76	7	7	7	9	12	8	13	6	11	8	14	7	6	7	9	9	11	10	7	9	6	6	8	11	5	6	9	9	6	7	7	8	10	5	8	6	5	8	9	10	11	5	3	7	7	8	9	8	6	6	6	5	11	0
21	112	118	111	76	7	7	7	10	12	8	13	6	11	8	14	7	6	8	9	9	10	10	7	9	7	6	8	11	4	6	9	11	7	7	7	8	10	5	8	8	5	7	8	10	11	5	3	8	7	8	9	8	6	6	5	5	11	0
22	111	118	112	75	7	8	7	10	12	8	13	6	10	8	15	7	6	8	9	9	10	9	7	9	7	6	9	11	4	6	8	11	8	7	7	8	10	6	8	7	5	8	8	9	11	5	3	7	8	8	9	8	7	7	4	5	11	0
24	110	114	113	76	8	8	7	10	11	9	13	6	10	9	15	7	6	8	9	9	10	9	6	9	7	6	9	11	4	5	8	10	7	7	7	8	10	7	8	7	5	8	8	9	11	6	3	6	9	8	10	8	7	8	4	5	11	0
26	110	114	115	77	8	8	8	10	12	8	13	6	10	9	15	7	6	7	9	9	10	9	7	9	8	6	8	11	4	5	8	9	8	7	7	9	10	7	8	7	5	8	9	10	12	6	3	7	9	7	10	8	7	8	5	6	11	0
27	109	111	118	78	8	8	8	10	12	8	13	6	9	9	14	7	6	7	7	9	10	9	7	8	8	6	9	12	3	5	8	9	8	8	7	9	10	7	8	7	5	8	9	9	12	6	3	7	9	7	10	8	7	8	5	6	10	0
29	104	117	119	77	8	8	8	11	12	8	13	6	9	9	14	7	6	7	7	9	10	9	7	8	8	6	9	11	4	7	9	9	9	7	7	9	10	7	8	7	5	8	9	9	13	7	3	7	9	7	10	8	7	9	5	6	10	0
27	105	119	119	75	8	8	8	11	12	8	13	7	9	9	15	7	6	7	7	9	9	9	6	8	9	6	9	12	4	7	9	9	9	7	7	9	10	7	9	7	5	8	10	9	12	7	4	7	9	7	11	8	7	8	5	6	9	0
29	103	118	117	78	8	8	8	11	12	9	13	7	10	9	16	7	6	7	7	9	9	9	6	9	9	6	9	12	4	7	9	9	9	6	5	9	10	7	9	8	5	8	9	9	12	7	4	7	9	7	10	7	7	8	5	5	9	0
29	103	119	116	80	8	8	8	11	12	9	13	7	9	9	16	8	6	7	6	9	9	8	6	9	9	6	9	12	4	7	9	9	9	6	5	8	10	7	9	8	5	8	9	9	12	7	4	7	10	7	10	7	7	8	5	5	9	0
29	106	120	117	81	8	8	8	11	12	9	12	7	9	10	16	8	5	7	6	9	10	9	6	9	9	6	9	12	4	7	9	8	9	6	5	8	10	7	9	8	5	8	9	9	12	8	4	7	9	7	10	7	7	8	5	5	9	0
30	107	120	119	79	8	8	8	11	12	9	13	6	9	10	15	8	5	7	6	10	10	9	6	8	9	6	8	13	4	7	9	8	9	6	6	8	9	7	9	8	6	8	9	10	13	8	4	8	9	7	10	7	7	9	6	5	9	0
30	106	121	115	83	8	8	8	11	11	9	13	6	10	10	15	9	5	7	6	10	10	10	7	8	9	6	8	13	4	7	10	8	9	7	6	8	8	8	9	8	6	8	10	9	12	8	4	8	8	7	10	8	7	9	6	4	10	0
32	107	122	115	82	8	8	8	11	11	9	14	6	10	10	14	9	4	7	6	10	10	10	7	8	9	6	8	13	4	7	11	8	9	7	6	7	9	7	8	8	6	8	9	9	11	8	4	8	8	7	10	8	7	9	6	4	10	0
43	107	122	117	82	8	9	8	10	11	9	14	6	11	10	14	8	4	7	6	9	10	10	7	9	9	6	8	13	4	7	10	8	10	7	6	7	9	7	7	8	6	8	9	9	11	8	4	9	7	7	10	7	7	9	6	4	10	0
52	105	121	118	84	8	9	8	10	11	8	14	6	11	10	13	7	4	7	6	9	10	10	7	9	9	6	8	13	4	7	10	8	10	7	6	6	9	7	7	9	6	7	9	9	10	8	4	9	7	7	9	7	7	9	6	5	10	0
53	81	117	111	76	7	9	8	10	11	8	12	6	12	10	13	7	4	7	6	9	10	10	7	9	9	5	8	12	4	6	9	8	10	7	6	6	9	7	7	9	6	8	9	9	10	8	4	9	7	7	9	7	6	9	6	5	10	0
32	78	117	110	77	7	9	8	10	11	8	13	5	12	10	13	7	4	6	8	9	10	10	7	10	8	5	8	12	4	6	9	8	10	7	6	6	9	7	7	9	6	8	9	9	10	8	5	9	7	7	10	7	6	9	6	5	10	0
22	79	118	110	76	7	9	8	10	12	8	13	5	12	10	13	7	4	6	8	9	10	10	7	10	8	5	8	11	4	6	9	9	11	7	5	6	9	7	6	9	6	8	9	8	10	8	5	9	7	6	10	7	6	10	6	6	10	0
19	79	119	112	75	7	9	8	10	12	9	13	5	12	10	13	7	4	6	8	9	10	10	7	10	8	5	8	11	4	6	8	8	11	7	5	7	9	8	5	9	7	7	9	8	10	8	6	9	7	6	10	7	6	11	6	6	10	0
17	80	122	111	76	7	9	8	9	12	9	12	5	12	10	14	7	4	6	8	9	10	10	8	10	8	4	8	11	4	6	8	8	11	8	5	7	9	8	5	9	8	7	9	8	10	8	6	9	7	5	10	8	6	11	7	6	10	0
16	79	120	110	76	7	8	8	9	12	9	12	4	12	10	13	6	4	6	8	9	10	10	8	10	8	4	7	11	4	6	7	8	12	8	5	7	9	8	5	9	8	7	9	8	10	9	6	9	7	5	10	8	6	12	7	6	9	0
19	79	123	109	73	7	8	9	9	11	9	12	4	12	10	13	6	4	6	8	9	10	10	9	10	8	4	7	10	4	6	7	8	12	8	4	8	9	8	5	9	8	7	10	8	10	9	7	9	7	5	9	8	6	12	8	6	9	0
19	79	125	108	73	7	7	9	9	11	9	13	4	12	11	14	6	4	6	8	8	10	9	9	10	7	4	8	10	4	6	7	8	12	8	4	8	9	8	5	8	8	7	10	8	10	9	8	9	7	6	9	8	6	12	8	6	9	0
21	78	124	110	75	7	7	9	9	11	10	12	4	12	11	14	6	5	7	8	8	10	9	9	10	7	4	8	9	4	6	7	9	12	8	4	6	9	8	5	8	7	7	10	8	10	9	8	9	7	6	9	8	6	12	8	6	8	0
22	79	126	109	75	7	7	9	9	11	11	12	4	13	9	14	6	5	7	8	8	10	9	9	9	7	4	8	9	4	6	7	9	12	8	4	6	8	8	6	8	7	7	10	8	10	9	9	9	7	6	9	8	6	12	8	6	8	0
24	79	124	113	75	7	7	9	9	10	11	12	4	13	9	14	6	6	7	8	8	11	9	9	9	7	4	7	9	4	6	7	9	12	8	4	6	8	8	6	8	7	7	10	8	10	9	9	9	7	6	10	9	5	11	9	6	9	0
27	78	123	111	75	8	6	9	8	10	11	12	4	13	9	14	6	6	7	8	8	11	9	9	8	8	5	7	9	4	5	6	9	12	8	4	6	9	8	6	8	7	7	10	8	10	9	9	9	7	5	10	8	5	11	9	6	9	0
26	78	124	113	75	8	6	9	8	10	10	12	4	13	9	14	6	5	7	8	9	11	9	8	8	8	5	7	9	4	5	6	9	12	9	5	6	9	8	6	8	8	7	10	9	10	9	9	9	7	5	10	8	5	11	9	6	9	0
23	78	125	115	77	8	6	10	8	10	10	12	4	13	9	14	6	5	7	9	9	11	9	8	8	8	5	7	9	5	5	6	9	12	9	5	7	8	8	5	8	8	8	11	9	9	10	9	9	7	5	10	9	5	11	10	6	9	0
22	76	125	117	8	6	10	8	10	10	12	3	13	9	14	6	5	6	9	9	11	9	8	9	9	5	7	9	5	5	7	9	12	8	5	7	8	8	5	9	8	8	11	9	9	10	8	9	7	5	10	9	5	12	10	6	9	0
21	76	126	115	9	6	10	8	10	10	12	3	13	9	13	6	5	6	9	9	11	9	8	9	9	4	7	9	5	5	7	9	12	8	5	7	9	8	4	9	7	8	11	9	10	10	8	9	7	5	9	9	5	12	10	6	9	0
21	74	123	116	9	7	10	8	10	10	11	3	12	10	13	6	6	6	8	10	11	9	8	8	8	4	8	9	6	5	7	10	12	7	5	6	9	8	4	8	7	9	11	9	10	10	9	9	7	5	10	9	5	12	11	7	10	0
17	73	122	116	8	7	10	8	10	10	11	3	13	10	13	6	6	6	8	10	11	9	9	7	8	5	8	9	6	6	7	10	12	7	5	6	9	8	4	8	7	9	11	9	10	11	9	9	7	6	11	9	5	12	11	6	10	0
16	74	121	116	8	7	10	7	10	10	12	3	12	10	14	6	5	6	8	10	11	9	9	8	8	5	9	9	6	6	7	9	12	7	6	6	9	8	4	8	7	9	11	9	11	11	9	9	7	6	11	9	5	12	11	6	10	0
17	75	122	117	8	7	9	7	11	10	12	3	12	10	14	6	5	6	8	10	11	9	9	8	7	5	9	9	5	6	7	10	12	7	6	6	10	8	4	9	8	10	11	9	11	12	9	9	7	6	11	9	5	12	11	6	11	0
16	74	125	118	8	7	9	7	10	10	11	3	12	9	14	6	6	6	8	9	11	9	9	8	7	5	9	9	6	6	7	10	12	7	6	7	10	8	4	9	7	10	11	9	11	12	9	9	7	7	11	9	5	12	11	6	10	0
16	74	123	118	8	7	8	7	11	10	11	3	12	9	14	6	6	6	8	9	10	9	9	7	7	5	8	9	6	6	7	10	12	7	6	7	10	8	4	9	8	10	11	9	11	12	10	9	6	7	10	10	5	12	11	5	9	0
13	72	124	121	8	7	9	6	10	11	10	3	13	8	15	6	6	6	8	9	9	8	9	7	7	5	9	10	8	6	7	10	12	7	5	7	10	8	4	9	8	10	10	8	11	12	10	9	6	7	10	10	6	13	11	5	9	0
14	71	124	119	8	6	9	6	10	11	10	3	13	8	15	6	6	6	8	8	9	8	9	7	7	5	9	10	8	6	8	9	13	7	5	7	10	7	4	10	9	10	10	7	11	11	10	9	6	7	10	10	6	13	12	5	10	0
15	58	116	117	8	6	9	6	10	11	10	2	13	8	15	6	6	7	8	8	9	8	9	7	7	5	9	10	8	6	8	9	13	7	5	7	10	7	4	10	9	10	10	6	11	11	11	9	6	7	9	10	6	13	12	5	10	0
12	57	119	116	8	6	8	5	10	11	10	3	13	8	14	6	6	7	8	8	9	8	9	7	7	5	9	10	9	6	8	9	13	7	5	7	10	6	4	10	9	10	10	7	11	11	11	9	6	7	8	10	6	13	12	5	10	0
11	59	119	116	8	6	8	5	10	11	10	3	12	7	14	6	6	8	8	7	9	8	9	7	7	6	9	10	9	6	8	8	12	7	5	7	10	6	4	10	9	10	10	7	11	11	11	9	6	8	8	9	6	13	12	5	10	0
12	59	118	115	8	6	8	5	10	11	10	3	12	7	14	7	6	8	8	7	9	8	10	7	7	6	9	10	9	6	8	8	12	7	5	7	10	6	4	10	9	10	9	7	12	11	11	9	6	8	8	9	6	13	12	5	11	0
13	56	119	117	7	6	8	6	10	10	9	4	12	7	14	7	6	7	8	7	9	8	9	8	7	6	9	11	10	6	8	9	12	7	5	7	10	6	4	10	9	10	9	7	12	11	11	10	6	8	8	9	6	13	12	5	12	0
13	57	121	117	7	6	8	6	10	10	9	4	11	8	14	7	6	6	9	7	9	8	9	8	7	6	9	11	10	6	8	9	12	7	5	7	10	7	4	10	9	9	9	8	12	11	11	10	6	8	8	9	6	13	12	5	12	0
13	56	124	118	7	6	7	5	10	9	9	4	11	8	15	6	6	6	9	7	9	7	9	8	7	6	9	11	10	6	8	9	12	8	5	7	10	7	4	10	9	9	9	8	12	10	11	10	7	8	8	9	6	14	12	5	11	0
13	55	126	118	7	6	8	5	10	9	9	3	10	8	15	6	6	7	9	7	10	6	9	8	7	6	9	11	10	6	8	9	12	7	5	7	10	7	5	10	9	9	9	8	12	10	11	10	7	9	8	9	6	14	12	5	11	0
13	55	126	119	7	6	8	5	10	9	9	3	10	8	16	6	6	7	9	8	10	7	9	9	7	5	10	11	11	6	9	9	12	8	5	7	9	7	5	9	9	8	8	9	12	10	12	10	7	9	8	9	6	13	12	5	11	0
13	56	126	117	7	6	9	5	10	9	10	3	10	8	16	6	5	7	9	8	10	7	8	9	8	5	10	11	11	6	9	9	12	8	6	6	9	7	5	9	9	8	8	9	12	10	13	10	7	9	8	9	6	13	12	5	11	0
13	56	121	118	7	6	9	5	10	9	10	3	10	8	17	6	5	7	9	8	10	7	8	9	8	5	10	10	11	6	9	9	12	8	6	6	9	6	5	9	9	8	7	9	13	11	13	11	7	9	8	9	6	13	12	5	11	0
14	57	120	117	7	6	9	5	10	9	10	3	10	8	16	6	5	6	9	7	10	7	9	10	8	5	10	10	11	6	9	9	12	8	7	7	9	6	5	9	10	8	7	10	13	12	13	11	7	9	8	9	6	13	12	5	11	0
12	56	122	116	6	6	9	5	10	9	10	3	10	8	16	6	5	6	9	7	10	7	9	11	8	5	10	10	11	6	9	9	12	8	7	7	8	6	4	9	10	8	7	10	13	12	13	10	7	9	7	9	6	13	12	5	11	0
12	55	126	117	6	6	9	5	10	10	10	4	10	9	16	5	5	6	9	7	10	8	9	11	8	5	10	9	11	6	9	9	12	8	7	7	8	6	4	8	10	9	7	9	12	12	13	10	7	8	7	9	6	13	11	5	10	0
12	55	128	117	6	6	9	5	10	10	10	4	10	9	16	5	6	7	9	7	9	8	9	11	7	5	10	9	10	6	8	10	12	8	8	7	8	6	4	8	10	9	7	9	12	13	13	10	7	8	7	9	5	13	11	5	10	0
11	55	131	119	6	5	9	5	10	10	10	4	10	9	15	5	7	7	9	6	9	7	9	11	8	5	10	10	10	6	8	10	12	8	8	7	8	6	4	8	10	9	7	9	11	12	13	10	7	8	7	9	5	14	11	5	9	0
11	53	132	118	6	5	10	4	10	10	10	4	9	8	15	5	7	7	7	6	9	7	9	11	8	5	11	10	10	6	8	10	12	7	8	7	9	6	4	9	10	9	7	9	9	12	13	10	7	8	7	8	5	14	11	5	10	0
11	54	133	118	6	5	10	4	10	9	10	4	9	8	15	4	6	8	7	6	9	7	9	11	8	5	11	11	9	6	9	11	12	7	8	7	9	6	4	10	10	9	7	9	9	12	13	10	7	8	7	8	5	14	11	5	11	0
10	56	132	119	5	6	10	4	10	9	11	4	9	8	14	4	7	8	7	5	9	7	9	11	8	6	11	11	9	7	9	11	12	7	8	7	9	6	4	10	10	9	8	9	9	12	13	11	7	8	7	8	5	14	11	5	11	0
10	53	133	121	5	6	10	4	10	8	10	4	9	8	14	4	7	8	7	5	9	7	9	12	8	6	11	11	9	8	10	12	12	7	8	7	9	6	5	11	10	9	8	8	9	12	14	11	7	8	7	8	5	14	11	6	11	0
9	135	121	5	6	10	3	10	8	10	4	9	9	14	4	8	8	7	6	8	7	9	12	8	6	11	11	9	8	10	11	13	7	8	7	9	6	5	11	10	9	8	8	8	12	14	11	7	8	7	9	5	14	12	6	11	0
8	135	121	5	5	10	3	8	8	10	5	9	9	14	4	8	8	7	6	9	7	9	12	8	6	11	11	9	8	10	11	13	6	9	7	8	5	5	11	10	8	8	8	8	11	14	11	7	8	7	9	5	14	12	6	11	0
7	138	121	6	5	9	3	8	8	10	5	9	9	14	3	8	8	6	6	9	8	9	12	8	6	11	12	9	8	11	11	13	6	9	7	7	5	5	11	10	8	8	8	7	12	14	11	6	8	7	9	5	13	11	6	11	0
6	136	122	6	5	9	3	7	8	10	6	9	9	13	3	8	8	6	6	9	8	9	12	8	5	11	11	9	8	11	11	13	6	9	8	8	5	5	11	10	8	7	8	7	12	14	11	7	7	7	9	5	13	11	6	10	0
6	124	116	6	5	9	3	7	8	10	6	9	9	13	3	8	8	6	7	8	8	9	12	7	5	11	11	9	8	11	11	13	6	9	8	8	5	5	10	9	8	7	9	7	12	14	11	7	7	7	8	5	12	11	6	10	0
4	122	116	6	6	9	3	7	7	10	6	10	10	13	3	8	8	6	7	8	8	9	12	7	5	11	11	9	8	11	11	13	7	9	8	8	5	5	10	9	8	7	9	7	12	14	11	7	7	7	8	5	13	11	6	9	0
3	122	114	6	6	10	3	7	7	11	6	10	10	13	3	8	8	6	7	9	8	9	12	7	4	11	11	9	8	11	11	12	7	10	8	8	5	5	10	9	8	8	9	7	12	14	11	8	7	7	8	5	13	10	6	9	0
2	122	114	6	6	10	3	8	7	11	6	11	10	14	3	8	8	7	7	9	7	9	12	7	4	10	11	11	9	11	11	12	7	10	8	8	5	5	9	9	8	7	9	7	12	14	11	8	7	7	9	5	13	9	6	10	0
2	125	113	5	6	10	3	8	7	11	6	11	11	14	3	8	8	6	6	9	7	9	12	8	4	10	12	11	9	11	11	12	7	11	7	8	6	4	9	9	8	7	9	7	12	14	11	7	7	7	9	5	12	9	6	10	0
2	124	113	6	6	10	4	8	8	10	7	11	10	14	3	8	8	5	6	9	7	9	12	8	4	9	12	11	8	10	11	12	8	11	7	9	6	4	9	9	8	7	9	7	12	14	11	7	7	7	9	5	12	9	5	10	0
3	124	6	5	11	4	8	9	10	7	11	10	12	3	8	8	5	6	8	7	9	11	9	4	10	11	11	8	11	11	12	8	11	8	9	6	4	9	8	8	7	9	7	11	13	11	7	7	9	9	5	12	9	5	10	0
3	123	6	5	11	4	7	9	11	7	11	10	13	3	8	7	5	6	7	7	9	10	9	4	10	11	11	8	11	11	12	8	10	8	9	6	4	10	8	7	7	8	7	11	13	9	7	7	9	9	6	11	9	5	10	0
3	123	6	5	10	4	7	9	11	7	11	10	13	3	8	7	5	6	6	7	10	10	9	4	10	11	11	8	11	11	11	8	10	8	9	6	5	10	8	7	8	8	7	11	13	9	7	7	9	9	6	12	10	5	10	0
3	124	6	5	10	3	7	9	11	7	10	10	13	4	8	6	5	6	6	7	10	10	9	4	10	11	11	8	11	11	11	8	10	8	9	6	5	9	8	7	8	8	7	11	13	9	7	6	8	9	6	12	11	5	10	0
3	129	6	5	10	3	7	9	10	7	10	10	13	4	8	6	5	6	6	7	10	10	8	4	11	11	11	8	11	9	10	8	10	8	9	5	5	9	8	7	8	8	7	11	13	8	7	6	8	10	5	12	11	5	10	0
3	128	5	5	10	3	7	9	10	7	11	10	13	4	8	6	5	6	6	7	10	10	8	4	10	11	11	8	11	9	9	9	10	8	9	5	5	9	8	6	8	8	7	11	13	8	6	6	7	10	5	10	11	6	10	0
3	129	6	4	9	3	8	9	10	7	11	9	12	4	8	6	5	6	6	7	10	10	7	4	10	11	11	9	12	9	9	9	10	9	9	4	5	9	8	6	8	7	7	10	13	8	6	6	7	10	5	10	11	5	10	0
3	129	6	4	9	3	8	9	10	8	11	9	12	4	8	6	5	7	7	7	9	10	7	4	10	11	11	9	12	9	8	9	10	8	9	4	5	9	9	6	7	7	6	10	13	7	6	6	7	10	5	10	11	5	10	0
3	128	7	4	9	3	7	9	10	8	11	9	13	5	9	6	5	7	7	6	9	10	7	4	10	10	11	9	12	9	8	8	10	8	9	4	5	9	9	6	7	8	6	10	14	8	6	6	7	10	5	9	12	6	10	0
3	127	7	4	9	2	7	9	10	8	11	9	12	5	9	6	5	7	7	6	9	10	7	4	9	10	11	7	11	9	7	8	10	8	10	4	4	9	9	6	6	8	6	9	13	8	6	6	7	10	5	9	12	7	10	0
3	126	7	5	10	2	8	9	10	8	11	9	12	5	9	6	6	7	7	6	9	10	6	4	9	10	11	7	11	9	7	8	10	8	10	4	4	9	9	6	6	8	5	9	13	8	6	6	7	10	5	9	12	7	10	0
3	127	7	5	10	2	8	9	10	8	11	10	12	5	9	6	6	7	7	6	9	9	6	4	9	10	11	8	11	9	7	8	10	8	10	4	4	9	9	6	6	8	5	9	13	9	6	6	7	10	5	9	12	8	11	0
2	126	7	5	10	2	8	8	10	8	11	10	11	5	9	6	6	7	7	6	9	9	6	4	10	10	11	8	10	9	6	8	10	8	10	4	4	9	9	6	6	8	5	8	13	9	6	6	6	10	6	9	12	8	11	0
2	126	7	5	10	2	9	8	11	8	11	10	11	5	9	6	6	7	6	6	9	9	6	5	10	10	11	7	11	9	6	8	10	8	10	4	4	10	9	5	6	8	5	8	13	8	6	6	6	10	6	8	11	8	11	0
3	127	7	5	10	2	10	8	10	8	10	9	11	5	10	6	6	6	6	6	10	9	6	5	10	10	11	7	11	9	6	7	9	8	10	4	5	10	8	5	5	7	5	8	13	7	5	6	6	10	6	8	11	8	11	0
3	129	7	5	10	2	10	8	10	8	10	9	11	5	10	6	7	6	6	5	9	9	6	5	10	9	11	7	10	9	6	7	9	8	10	3	5	10	8	5	6	7	5	8	13	8	5	6	6	10	6	8	11	8	10	0
3	126	7	4	10	3	10	8	10	8	10	10	11	4	10	6	8	6	6	5	9	9	6	5	10	8	11	7	9	9	6	7	9	8	9	3	5	10	8	5	6	8	5	9	13	7	5	6	6	9	6	8	11	8	10	0
3	129	8	4	10	3	10	8	10	8	9	10	11	4	10	6	8	6	6	5	9	9	6	5	10	8	11	7	9	9	6	7	9	8	9	3	5	10	8	6	6	8	5	9	13	7	5	6	6   9	6	8	11	8	10	0